51
2
32
3
57
4
19
5
10
6
41
7
43
8
91
9
42
10
97
11
54
12
50
13
55
14
9
15
62
16
47
17
14
18
39
19
88
20
21
21
90
22
39
23
94
24
87
25
30
26
34
27
72
28
9
29
40
30
53
31
42
32
53
33
69
34
16
35
32
36
91
37
14
38
7
39
84
40
21
41
48
42
73
43
50
44
50
45
24
46
69
47
7
48
63
49
10
50
52
51
2
52
11
53
13
54
17
55
18
56
12
57
38
58
70
59
89
60
76
61
68
62
34
63
51
64
88
65
55
66
1
67
80
68
40
69
76
70
71
71
34
72
8
73
54
74
67
75
72
76
17
77
89
78
45
79
63
80
60
81
27
82
9
83
98
84
88
85
51
86
32
87
40
88
53
89
98
90
20
91
53
92
43
93
17
94
8
95
52
96
15
97
22
98
61
99
94
100
23
101
88
102
67
103
87
104
39
105
18
106
94
107
56
108
46
109
44
110
1
111
23
112
93
113
7
114
30
115
50
116
60
117
35
118
63
119
37
120
24
121
61
122
27
123
42
124
56
125
18
126
90
127
90
128
47
129
15
130
58
131
94
132
28
133
50
134
40
135
71
136
59
137
22
138
60
139
70
140
56
141
76
142
94
143
10
144
97
145
97
146
60
147
36
148
87
149
58
150
92
151
79
152
59
153
24
154
71
155
62
156
62
157
26
158
31
159
21
160
28
161
5
162
10
163
31
164
85
165
6
166
94
167
43
168
67
169
58
170
90
171
39
172
75
173
93
174
80
175
48
176
66
177
17
178
44
179
59
180
58
181
54
182
3
183
88
184
23
185
79
186
36
187
5
188
79
189
77
190
10
191
34
192
91
193
40
194
42
195
52
196
66
197
64
198
25
199
92
200
4
201
17
202
69
203
30
204
68
205
54
206
5
207
66
208
43
209
24
210
95
211
45
212
82
213
71
214
63
215
73
216
2
217
21
218
8
219
7
220
70
221
90
222
63
223
89
224
48
225
57
226
47
227
36
228
51
229
29
230
81
231
3
232
92
233
52
234
56
235
41
236
85
237
72
238
21
239
69
240
74
241
70
242
61
243
56
244
82
245
65
246
51
247
20
248
77
249
69
250
50
251
46
252
56
253
19
254
23
255
14
256
53
257
79
258
81
259
12
260
7
261
69
262
15
263
15
264
42
265
93
266
52
267
31
268
16
269
22
270
88
271
30
272
99
273
38
274
32
275
99
276
29
277
8
278
8
279
83
280
6
281
28
282
58
283
82
284
78
285
35
286
46
287
74
288
30
289
42
290
87
291
6
292
90
293
10
294
63
295
6
296
55
297
47
298
14
299
88
300
13
301
21
302
4
303
55
304
80
305
21
306
46
307
18
308
86
309
23
310
84
311
46
312
72
313
98
314
6
315
78
316
11
317
33
318
36
319
8
320
48
321
78
322
2
323
73
324
34
325
82
326
39
327
90
328
75
329
26
330
44
331
81
332
93
333
19
334
70
335
84
336
25
337
4
338
2
339
58
340
88
341
28
342
87
343
7
344
58
345
41
346
34
347
92
348
4
349
84
350
95
351
23
352
12
353
7
354
41
355
35
356
20
357
30
358
21
359
98
360
82
361
56
362
43
363
61
364
78
365
4
366
52
367
53
368
29
369
22
370
54
371
8
372
32
373
78
374
19
375
20
376
90
377
94
378
16
379
92
380
49
381
47
382
86
383
90
384
31
385
22
386
70
387
87
388
78
389
35
390
65
391
94
392
82
393
4
394
75
395
33
396
85
397
27
398
28
399
54
400
89
401
81
402
63
403
82
404
31
405
88
406
91
407
33
408
87
409
22
410
45
411
25
412
15
413
28
414
50
415
36
416
69
417
52
418
31
419
57
420
33
421
65
422
74
423
94
424
56
425
59
426
25
427
29
428
3
429
85
430
35
431
64
432
67
433
61
434
4
435
67
436
83
437
5
438
59
439
43
440
31
441
37
442
99
443
57
444
89
445
40
446
80
447
54
448
53
449
40
450
64
451
33
452
96
453
70
454
22
455
24
456
7
457
68
458
26
459
72
460
63
461
63
462
31
463
3
464
86
465
81
466
58
467
53
468
24
469
82
470
52
471
64
472
92
473
87
474
27
475
95
476
66
477
18
478
6
479
17
480
78
481
70
482
75
483
63
484
22
485
2
486
67
487
96
488
40
489
80
490
61
491
15
492
78
493
87
494
79
495
67
496
7
497
97
498
70
499
9
500
82
501
28
502
31
503
71
504
87
505
99
506
40
507
9
508
44
509
26
510
57
511
89
512
63
513
10
514
93
515
92
516
88
517
68
518
80
519
84
520
14
521
61
522
13
523
44
524
22
525
37
526
85
527
6
528
9
529
59
530
88
531
69
532
47
533
96
534
34
535
51
536
40
537
4
538
75
539
22
540
62
541
59
542
53
543
14
544
23
545
72
546
52
547
69
548
94
549
87
550
79
551
39
552
17
553
86
554
94
555
21
556
15
557
86
558
50
559
50
560
14
561
35
562
1
563
84
564
37
565
88
566
42
567
66
568
75
569
42
570
52
571
84
572
92
573
59
574
23
575
54
576
9
577
99
578
21
579
49
580
85
581
17
582
12
583
21
584
80
585
50
586
52
587
61
588
3
589
14
590
37
591
54
592
53
593
25
594
8
595
28
596
59
597
69
598
76
599
34
600
30
601
85
602
93
603
52
604
35
605
94
606
47
607
57
608
64
609
41
610
13
611
16
612
66
613
1
614
64
615
97
616
24
617
79
618
5
619
87
620
36
621
81
622
64
623
62
624
6
625
98
626
31
627
67
628
51
629
94
630
94
631
39
632
23
633
86
634
20
635
1
636
24
637
59
638
85
639
85
640
4
641
95
642
97
643
62
644
2
645
21
646
87
647
53
648
60
649
11
650
5
651
80
652
65
653
88
654
97
655
49
656
21
657
32
658
46
659
37
660
64
661
79
662
6
663
69
664
46
665
73
666
93
667
79
668
81
669
64
670
73
671
64
672
93
673
19
674
84
675
41
676
83
677
3
678
60
679
85
680
11
681
78
682
8
683
41
684
90
685
15
686
74
687
34
688
88
689
70
690
79
691
92
692
13
693
49
694
22
695
24
696
89
697
29
698
17
699
28
700
28
701
8
702
72
703
96
704
37
705
40
706
87
707
46
708
5
709
57
710
65
711
19
712
71
713
61
714
26
715
85
716
71
717
65
718
78
719
31
720
98
721
59
722
91
723
11
724
84
725
81
726
51
727
44
728
97
729
61
730
52
731
55
732
86
733
33
734
57
735
4
736
7
737
12
738
4
739
50
740
28
741
29
742
30
743
32
744
5
745
61
746
22
747
52
748
24
749
36
750
52
751
24
752
50
753
85
754
30
755
68
756
17
757
61
758
12
759
56
760
89
761
43
762
48
763
44
764
5
765
11
766
33
767
39
768
4
769
23
770
79
771
60
772
61
773
28
774
4
775
70
776
30
777
59
778
6
779
24
780
60
781
98
782
21
783
62
784
9
785
28
786
5
787
1
788
3
789
88
790
86
791
45
792
99
793
48
794
61
795
84
796
80
797
86
798
28
799
94
800
28
801
82
802
48
803
1
804
57
805
91
806
63
807
23
808
81
809
59
810
39
811
57
812
56
813
87
814
96
815
90
816
23
817
86
818
35
819
76
820
7
821
32
822
36
823
15
824
36
825
34
826
61
827
14
828
67
829
19
830
89
831
43
832
32
833
12
834
96
835
77
836
51
837
20
838
5
839
17
840
65
841
81
842
19
843
43
844
49
845
30
846
89
847
12
848
52
849
70
850
62
851
94
852
51
853
51
854
88
855
95
856
47
857
33
858
65
859
23
860
31
861
50
862
56
863
62
864
70
865
96
866
26
867
44
868
91
869
19
870
40
871
3
872
81
873
19
874
12
875
25
876
14
877
92
878
65
879
7
880
44
881
49
882
62
883
96
884
57
885
95
886
91
887
80
888
24
889
1
890
30
891
18
892
55
893
82
894
85
895
16
896
26
897
56
898
73
899
53
900
5
901
45
902
21
903
33
904
30
905
60
906
13
907
33
908
40
909
64
910
82
911
54
912
67
913
58
914
78
915
81
916
88
917
59
918
6
919
74
920
5
921
45
922
21
923
91
924
88
925
23
926
48
927
99
928
33
929
95
930
98
931
57
932
19
933
13
934
3
935
99
936
29
937
29
938
66
939
97
940
82
941
59
942
41
943
60
944
18
945
76
946
50
947
96
948
4
949
4
950
28
951
67
952
51
953
98
954
49
955
59
956
25
957
29
958
44
959
8
960
13
961
14
962
99
963
44
964
65
965
26
966
35
967
55
968
56
969
79
970
53
971
59
972
92
973
9
974
92
975
45
976
4
977
61
978
73
979
13
980
72
981
51
982
95
983
29
984
68
985
31
986
6
987
21
988
64
989
43
990
74
991
99
992
85
993
59
994
85
995
68
996
60
997
96
998
94
999
92
1000
41
1001
